48833
48532
49067
48949
33364
32887
131967
48944
51093
47073
49623
48501
49094
48823
32950
32652
32260
33317
32507
32400
32198
32548
50024
49129
48998
49039
48906
48824
49031
49189
33493
32800
131755
49010
49207
49134
48623
49367
48814
49373
49622
32039
32413
33265
32935
32897
131903
48953
49087
49432
49122
48936
49142
49246
48813
48936
32597
32357
32867
32665
31342
32157
32531
32275
49920
49243
49464
48833
48957
49144
49827
48729
49255
49254
49139
132555
49009
49403
48908
49015
49266
48987
49058
32584
32205
31987
32225
132712
49209
49181
49232
48927
49224
48984
48959
49083
32060
32324
32098
32628
