44422
33220
31131
33231
32720
32915
32130
32307
32977
132063
49045
48795
48632
49290
49321
48811
49284
32820
31958
31336
32290
32541
34035
131964
48956
49178
49152
49170
49352
48715
50093
48976
34545
128556
48564
49385
49379
48886
48756
48990
32202
32263
32223
32767
32549
33234
32131
32725
31940
49746
49152
48976
49205
48889
49118
48993
49038
32783
32499
31878
31807
31830
32278
32220
31781
50026
49643
49054
49390
49072
49175
48633
49327
48620
33166
32228
32226
32082
31957
32872
131718
49258
49021
49464
48896
48890
49343
49079
48867
32200
32174
32717
32833
31162
32272
31807
32673
49572
49020
49551
