48951
48766
49060
49498
48514
32725
32497
32487
31284
32235
32484
32304
32841
50083
49133
48873
49157
49046
49114
48927
33236
32216
32298
32818
31395
32189
32120
32459
32613
32760
49887
49527
48635
49161
49114
48715
49071
48843
33342
33448
32016
32477
32830
32002
32415
32078
31665
32056
50010
48795
49318
49223
48970
49106
48909
49181
32864
32575
32423
32109
32621
32506
32384
49772
48896
49270
49267
48713
48891
32916
33526
132354
48887
48949
49316
49011
48924
49224
49468
32745
31983
31783
32837
32187
33078
131886
49295
49127
48735
49166
48711
33109
32936
31100
32227
32790
34015
131745
49232
49056
