31032
32232
32569
32187
49970
49183
49386
48990
48775
48827
49550
49129
49290
49162
49487
48546
32398
32433
32773
32078
32987
31936
30850
31962
32516
32215
32019
49716
49180
49391
48462
49392
49158
48988
48858
49695
48637
49067
32544
31745
31924
32728
31180
32367
32329
32772
33471
32347
32151
49587
49472
48944
49252
48883
49049
49267
49021
48698
49270
32636
32745
32099
31780
32895
32655
32075
32553
32713
31919
48873
49403
49781
49010
48790
49214
49139
48949
49104
49555
32446
32701
32229
32299
32399
32796
31695
32809
31334
50413
48979
49060
49029
48799
49156
48901
49153
48804
33332
32219
32657
