47605
47592
52962
45733
50155
52918
132066
36812
132214
48027
44947
49020
49192
48737
49486
48620
32759
32093
32568
32368
32378
32618
32075
31895
31958
32044
32878
49932
49003
48903
49360
48942
49104
48881
50067
48897
49200
31359
32624
31895
33610
32448
32343
32254
32184
50188
49083
48938
49239
49217
49094
48984
49071
49129
48749
49184
32367
32629
31434
32528
33046
31341
32633
32840
32436
31971
50107
49030
49068
49294
48887
48873
49276
48960
49147
48748
33103
31996
32277
32192
32612
31201
32035
32786
32541
32459
49965
49351
48650
49197
48934
48886
49492
49531
49540
47564
49226
49611
49304
31656
