31471
32558
32416
32234
37289
127767
49137
49043
49379
48335
49456
48668
49178
33376
31253
32092
33279
30870
32558
31666
32327
32294
51189
48761
48979
49373
48890
49168
48699
49259
49380
48833
48983
32551
32211
32596
31987
31873
32609
32286
32577
31261
51083
48928
49071
48956
49334
49257
48829
48946
32611
31991
32764
32110
32798
31542
32550
31813
50443
48681
49256
48911
49220
48864
32360
31910
32260
33229
32198
31452
33674
32108
32286
32815
49846
49332
48777
48733
48981
49482
48960
48517
33274
32133
32665
31385
32192
32790
32497
33487
32023
32420
30902
49820
49368
49185
48619
49457
49004
49374
