48670
49329
49070
49235
49052
48653
49441
48432
48985
50092
48832
33313
32167
32332
32730
32062
32295
32233
32326
32351
33110
31203
50040
49227
49224
49034
48866
48890
48946
48993
49143
49099
49115
49363
32521
32488
32551
32829
32774
31939
32576
32176
32472
31799
31867
32388
32677
49900
49401
48742
49120
49217
48929
48950
48960
49383
49171
48949
48860
33027
31457
32919
32111
33099
31754
31726
32761
32426
33643
32244
32669
32284
49938
49053
49184
49297
48841
48789
48917
49030
49531
49077
49018
49084
48906
49041
32515
33133
31149
32354
31892
32017
32352
33643
32256
32670
32492
32690
32678
50022
