31746
31001
31869
32707
31790
32144
32247
49975
49587
49596
49228
48967
49235
48705
49198
48993
49377
48851
48699
49448
32518
32571
32146
32075
32868
32166
32214
33007
32529
31984
31240
32314
51122
49280
48701
49179
49050
48956
49124
48852
48697
49467
48703
32863
31897
32572
31886
32289
32374
33044
31915
32353
32341
49600
50274
49426
48962
48623
48885
49106
49094
49121
48932
48881
49304
32641
32014
32738
32165
33019
31800
32277
32191
32639
32933
50244
49312
48902
48934
48919
49153
49156
49605
49239
48832
48970
49191
33077
30998
32019
32787
32305
32510
32773
30959
32064
32179
32512
49897
49079
