48008
48819
32461
32704
32012
32914
31992
32729
33190
32519
32829
31218
32559
31269
31920
49989
49242
49125
49055
48914
48900
49160
48747
49061
49005
49024
32505
32869
32680
32354
32416
33041
31389
33300
32324
32465
32635
32277
32410
49760
49108
49199
49092
48822
49186
48928
48799
48993
49196
48948
49222
49060
49198
32723
32285
32316
31991
32556
32451
32740
32389
32141
32946
33754
32625
32635
49694
49075
49025
49053
49300
48795
49363
49110
48684
49011
49161
49222
32641
32845
31877
32208
32490
32354
32615
32148
32511
32304
32275
33293
50322
49378
48704
49322
48850
49261
49118
48615
49172
49226
