31099
32403
31998
32379
49701
49309
49232
48961
49152
48626
49042
48998
49134
49244
49128
48896
32114
32606
32098
32662
32022
31761
32067
32635
31672
32071
33656
32032
49793
49138
49304
48846
49104
49264
48681
49148
49257
48688
49313
33036
31561
32667
32421
32511
32638
31326
32949
31755
32418
32509
32073
32589
32709
50054
48664
49056
49389
48798
49294
49015
49345
49059
48578
34391
31020
32074
32444
32266
33238
32658
32463
32753
31995
32512
32024
50625
48777
49340
48616
49602
48277
48927
49535
49079
48773
48855
49486
32274
32528
32557
32990
31441
32498
33244
31281
33703
32555
32456
32258
50063
