49014
49122
48250
48965
50270
47829
32478
32547
31933
32477
31814
32567
32194
33767
32229
32000
31766
33936
29724
32854
49572
49104
49389
48992
49407
48901
48973
48873
32493
32463
32879
31622
32161
32891
32237
32520
32167
32995
49679
49121
49151
48903
49417
48773
48991
49123
48991
49305
32648
32246
32908
31574
32051
32620
32451
32524
31844
49994
49045
49106
48966
50983
48206
48781
49110
48872
49130
49776
32653
32113
32177
32697
31596
33355
32175
32547
33025
50141
48979
49249
49210
49015
49482
48578
49045
32158
32592
32083
32540
32156
31866
32202
32094
32006
33038
32188
50138
48949
49403
53279
