48341
49369
49527
49269
49140
48960
49150
48702
32555
32001
32586
30977
32252
32361
32076
32855
32481
50011
49512
48801
48737
50149
49383
49179
48620
49402
48979
32534
32118
32415
33069
31113
32496
32673
32465
50186
49288
48966
49252
48787
49194
49316
48785
49107
49146
32326
32795
32361
32009
32235
32323
32320
32295
49780
49149
48962
48794
49363
49383
48880
49126
33168
31538
32858
31618
33050
30761
33043
31809
32904
32235
50338
49761
48900
49221
48935
49080
48917
49306
48772
48864
33760
32018
32850
32308
32258
32649
32114
32116
32018
32287
32186
49700
49136
49514
48935
48706
49272
48855
48948
