31261
32312
32706
33626
31424
50009
49208
49123
48898
49063
49208
48747
49285
48808
49026
49102
49012
48737
49462
32248
32457
32238
32580
31755
32568
32411
32045
32028
32521
32522
49922
48859
49020
49468
48941
48938
49160
49056
49152
48744
48890
32958
32749
31481
32831
32147
32643
31066
32310
32213
32399
33019
31313
50488
48905
49043
49452
48689
49076
48911
49152
48868
48885
49139
48741
49251
32764
32045
32357
33100
32728
31926
32102
32315
32915
32302
32793
31950
50217
48959
48955
49437
48690
49063
48853
49276
48812
48948
49297
48942
32800
32066
32826
31365
32252
32230
32578
32576
32473
33406
