31828
31617
31984
32266
31905
32604
32503
33398
32283
32314
32727
32023
32764
50115
48841
48958
49215
49054
49067
49155
48817
48885
49275
48797
48970
49072
49367
48683
49178
49133
49173
48926
48902
49313
49189
48679
49115
49250
48664
49488
48656
49361
48941
49920
49079
49632
48544
48980
49361
48562
32932
33422
32190
32290
32186
31931
31793
32624
32780
32606
32021
32567
31993
32625
32090
32943
50156
49093
49073
48754
49505
48624
49064
49046
49162
49290
49209
48862
49846
48983
49294
48846
49233
49117
48599
49129
48865
49283
48717
48446
48844
49367
49250
48624
48917
49354
48965
49083
48936
32565
