31093
32116
32756
32215
32842
31145
32607
31918
32679
32322
32288
32557
32599
32205
32438
32848
32317
50163
48956
49043
49387
48801
49035
48891
49124
48928
48993
49224
48950
49338
48722
48918
49337
48728
49233
49082
49184
48654
49303
49075
49197
48691
48984
49145
49967
48733
49187
49165
49024
49141
48962
49042
48902
49043
48816
48913
49000
49137
49117
48867
48854
49116
48845
49232
48995
49250
48629
48849
49028
48947
49144
49032
32653
32386
32148
32754
33643
31904
32491
31555
32570
32504
32638
32165
31938
32551
32208
49681
49145
49286
48924
48906
49054
49026
49004
49047
48892
49445
49775
49238
