49175
48947
48955
49074
48981
48925
49064
49004
49132
49273
48694
49055
49374
48850
49075
48834
49088
49228
48694
49022
49133
48990
49091
48965
49034
48927
49132
48970
48885
49242
48887
49423
32525
33114
31232
32403
32618
32241
32627
32733
32220
34032
31675
32757
32036
32807
32671
31682
32282
49920
49178
48932
49191
49633
48289
49412
48883
49035
49125
50150
49060
48936
48935
48962
49222
49200
48877
48999
49229
49057
48609
49520
48559
49308
48846
49081
50157
48201
49952
49149
48977
30868
32406
32343
33676
32241
32306
32532
32173
32039
32762
31860
31959
32617
32138
32115
32543
32632
49837
49149
