48722
48835
48965
32833
32557
32338
32319
31961
32289
32243
31919
31943
32653
31454
32819
31536
32165
32347
32110
32543
50393
49043
49060
49126
49140
48685
49337
48703
49040
49418
49304
49434
49177
48744
49244
48773
48987
48984
49252
48977
49421
49005
49305
48773
48889
48950
49191
49022
49170
49006
48978
49072
49064
48820
49020
49320
48912
32983
31745
32742
31725
32023
32224
32065
32337
32224
32420
32975
32268
31953
31234
32853
31955
32181
49749
49274
48908
49338
49124
49232
48872
48933
49040
49154
48511
49375
48773
49166
49229
48924
48665
49212
49113
48880
49234
48971
49058
48743
49143
49058
